-2 -2 0.111111111111111 0.111111111111111
-2 -1.80952380952381 0.120855028775007 0.120855028775007
-2 -1.61904761904762 0.131210949122285 0.131210949122285
-2 -1.42857142857143 0.142028985507246 0.142028985507246
-2 -1.23809523809524 0.153071850052065 0.153071850052065
-2 -1.04761904761905 0.164001487541837 0.164001487541837
-2 -0.857142857142857 0.174377224199288 0.174377224199288
-2 -0.666666666666667 0.183673469387755 0.183673469387755
-2 -0.476190476190476 0.191323210412148 0.191323210412148
-2 -0.285714285714286 0.196787148594378 0.196787148594378
-2 -0.0952380952380953 0.199637845178814 0.199637845178814
-2 0.0952380952380949 0.199637845178814 0.199637845178814
-2 0.285714285714286 0.196787148594378 0.196787148594378
-2 0.476190476190476 0.191323210412148 0.191323210412148
-2 0.666666666666667 0.183673469387755 0.183673469387755
-2 0.857142857142857 0.174377224199288 0.174377224199288
-2 1.04761904761905 0.164001487541837 0.164001487541837
-2 1.23809523809524 0.153071850052065 0.153071850052065
-2 1.42857142857143 0.142028985507246 0.142028985507246
-2 1.61904761904762 0.131210949122285 0.131210949122285
-2 1.80952380952381 0.120855028775007 0.120855028775007
-1.80952380952381 -2 0.120855028775007 0.120855028775007
-1.80952380952381 -1.80952380952381 0.132472213878041 0.132472213878041
-1.80952380952381 -1.61904761904762 0.14501808615587 0.14501808615587
-1.80952380952381 -1.42857142857143 0.15834829443447 0.15834829443447
-1.80952380952381 -1.23809523809524 0.172198360015619 0.172198360015619
-1.80952380952381 -1.04761904761905 0.18615449556775 0.18615449556775
-1.80952380952381 -0.857142857142857 0.199637845178814 0.199637845178814
-1.80952380952381 -0.666666666666667 0.211917347429121 0.211917347429121
-1.80952380952381 -0.476190476190476 0.222166246851385 0.222166246851385
-1.80952380952381 -0.285714285714286 0.229567933368037 0.229567933368037
-1.80952380952381 -0.0952380952380953 0.233456855479089 0.233456855479089
-1.80952380952381 0.0952380952380949 0.233456855479089 0.233456855479089
-1.80952380952381 0.285714285714286 0.229567933368037 0.229567933368037
-1.80952380952381 0.476190476190476 0.222166246851385 0.222166246851385
-1.80952380952381 0.666666666666667 0.211917347429121 0.211917347429121
-1.80952380952381 0.857142857142857 0.199637845178814 0.199637845178814
-1.80952380952381 1.04761904761905 0.18615449556775 0.18615449556775
-1.80952380952381 1.23809523809524 0.172198360015619 0.172198360015619
-1.80952380952381 1.42857142857143 0.15834829443447 0.15834829443447
-1.80952380952381 1.61904761904762 0.14501808615587 0.14501808615587
-1.80952380952381 1.80952380952381 0.132472213878041 0.132472213878041
-1.61904761904762 -2 0.131210949122285 0.131210949122285
-1.61904761904762 -1.80952380952381 0.14501808615587 0.14501808615587
-1.61904761904762 -1.61904761904762 0.160188884852888 0.160188884852888
-1.61904761904762 -1.42857142857143 0.176611934321185 0.176611934321185
-1.61904761904762 -1.23809523809524 0.194016717993841 0.194016717993841
-1.61904761904762 -1.04761904761905 0.211917347429121 0.211917347429121
-1.61904761904762 -0.857142857142857 0.229567933368037 0.229567933368037
-1.61904761904762 -0.666666666666667 0.24595649749024 0.24595649749024
-1.61904761904762 -0.476190476190476 0.259870359457867 0.259870359457867
-1.61904761904762 -0.285714285714286 0.270055113288426 0.270055113288426
-1.61904761904762 -0.0952380952380953 0.275452841973766 0.275452841973766
-1.61904761904762 0.0952380952380949 0.275452841973766 0.275452841973766
-1.61904761904762 0.285714285714286 0.270055113288426 0.270055113288426
-1.61904761904762 0.476190476190476 0.259870359457867 0.259870359457867
-1.61904761904762 0.666666666666667 0.24595649749024 0.24595649749024
-1.61904761904762 0.857142857142857 0.229567933368038 0.229567933368038
-1.61904761904762 1.04761904761905 0.211917347429121 0.211917347429121
-1.61904761904762 1.23809523809524 0.194016717993841 0.194016717993841
-1.61904761904762 1.42857142857143 0.176611934321185 0.176611934321185
-1.61904761904762 1.61904761904762 0.160188884852888 0.160188884852888
-1.61904761904762 1.80952380952381 0.14501808615587 0.14501808615587
-1.42857142857143 -2 0.142028985507246 0.142028985507246
-1.42857142857143 -1.80952380952381 0.15834829443447 0.15834829443447
-1.42857142857143 -1.61904761904762 0.176611934321185 0.176611934321185
-1.42857142857143 -1.42857142857143 0.196787148594378 0.196787148594378
-1.42857142857143 -1.23809523809524 0.21864154685176 0.21864154685176
-1.42857142857143 -1.04761904761905 0.241643835616438 0.241643835616438
-1.42857142857143 -0.857142857142857 0.264864864864865 0.264864864864865
-1.42857142857143 -0.666666666666667 0.286922576447625 0.286922576447625
-1.42857142857143 -0.476190476190476 0.306037473976405 0.306037473976405
-1.42857142857143 -0.285714285714286 0.320261437908497 0.320261437908497
-1.42857142857143 -0.0952380952380953 0.327881040892193 0.327881040892193
-1.42857142857143 0.0952380952380949 0.327881040892193 0.327881040892193
-1.42857142857143 0.285714285714286 0.320261437908497 0.320261437908497
-1.42857142857143 0.476190476190476 0.306037473976405 0.306037473976405
-1.42857142857143 0.666666666666667 0.286922576447625 0.286922576447625
-1.42857142857143 0.857142857142857 0.264864864864865 0.264864864864865
-1.42857142857143 1.04761904761905 0.241643835616438 0.241643835616438
-1.42857142857143 1.23809523809524 0.21864154685176 0.21864154685176
-1.42857142857143 1.42857142857143 0.196787148594378 0.196787148594378
-1.42857142857143 1.61904761904762 0.176611934321185 0.176611934321185
-1.42857142857143 1.80952380952381 0.15834829443447 0.15834829443447
-1.23809523809524 -2 0.153071850052065 0.153071850052065
-1.23809523809524 -1.80952380952381 0.172198360015619 0.172198360015619
-1.23809523809524 -1.61904761904762 0.194016717993841 0.194016717993841
-1.23809523809524 -1.42857142857143 0.21864154685176 0.21864154685176
-1.23809523809524 -1.23809523809524 0.24595649749024 0.24595649749024
-1.23809523809524 -1.04761904761905 0.275452841973766 0.275452841973766
-1.23809523809524 -0.857142857142857 0.306037473976405 0.306037473976405
-1.23809523809524 -0.666666666666667 0.335872048743336 0.335872048743336
-1.23809523809524 -0.476190476190476 0.362366474938373 0.362366474938373
-1.23809523809524 -0.285714285714286 0.382480485689506 0.382480485689506
-1.23809523809524 -0.0952380952380953 0.393398751115076 0.393398751115076
-1.23809523809524 0.0952380952380949 0.393398751115076 0.393398751115076
-1.23809523809524 0.285714285714286 0.382480485689506 0.382480485689506
-1.23809523809524 0.476190476190476 0.362366474938373 0.362366474938373
-1.23809523809524 0.666666666666667 0.335872048743336 0.335872048743336
-1.23809523809524 0.857142857142857 0.306037473976405 0.306037473976405
-1.23809523809524 1.04761904761905 0.275452841973766 0.275452841973766
-1.23809523809524 1.23809523809524 0.24595649749024 0.24595649749024
-1.23809523809524 1.42857142857143 0.21864154685176 0.21864154685176
-1.23809523809524 1.61904761904762 0.194016717993841 0.194016717993841
-1.23809523809524 1.80952380952381 0.172198360015619 0.172198360015619
-1.04761904761905 -2 0.164001487541837 0.164001487541837
-1.04761904761905 -1.80952380952381 0.18615449556775 0.18615449556775
-1.04761904761905 -1.61904761904762 0.211917347429121 0.211917347429121
-1.04761904761905 -1.42857142857143 0.241643835616438 0.241643835616438
-1.04761904761905 -1.23809523809524 0.275452841973766 0.275452841973766
-1.04761904761905 -1.04761904761905 0.312987934705465 0.312987934705465
-1.04761904761905 -0.857142857142857 0.353082465972778 0.353082465972778
-1.04761904761905 -0.666666666666667 0.393398751115076 0.393398751115076
-1.04761904761905 -0.476190476190476 0.430243902439024 0.430243902439024
-1.04761904761905 -0.285714285714286 0.458896982310094 0.458896982310094
-1.04761904761905 -0.0952380952380953 0.47470398277718 0.47470398277718
-1.04761904761905 0.0952380952380949 0.47470398277718 0.47470398277718
-1.04761904761905 0.285714285714286 0.458896982310094 0.458896982310094
-1.04761904761905 0.476190476190476 0.430243902439024 0.430243902439024
-1.04761904761905 0.666666666666667 0.393398751115076 0.393398751115076
-1.04761904761905 0.857142857142857 0.353082465972778 0.353082465972778
-1.04761904761905 1.04761904761905 0.312987934705465 0.312987934705465
-1.04761904761905 1.23809523809524 0.275452841973766 0.275452841973766
-1.04761904761905 1.42857142857143 0.241643835616438 0.241643835616438
-1.04761904761905 1.61904761904762 0.211917347429121 0.211917347429121
-1.04761904761905 1.80952380952381 0.18615449556775 0.18615449556775
-0.857142857142857 -2 0.174377224199288 0.174377224199288
-0.857142857142857 -1.80952380952381 0.199637845178814 0.199637845178814
-0.857142857142857 -1.61904761904762 0.229567933368037 0.229567933368037
-0.857142857142857 -1.42857142857143 0.264864864864865 0.264864864864865
-0.857142857142857 -1.23809523809524 0.306037473976405 0.306037473976405
-0.857142857142857 -1.04761904761905 0.353082465972778 0.353082465972778
-0.857142857142857 -0.857142857142857 0.40495867768595 0.40495867768595
-0.857142857142857 -0.666666666666667 0.458896982310094 0.458896982310094
-0.857142857142857 -0.476190476190476 0.509826589595376 0.509826589595376
-0.857142857142857 -0.285714285714286 0.550561797752809 0.550561797752809
-0.857142857142857 -0.0952380952380953 0.573472041612484 0.573472041612484
-0.857142857142857 0.0952380952380949 0.573472041612484 0.573472041612484
-0.857142857142857 0.285714285714286 0.550561797752809 0.550561797752809
-0.857142857142857 0.476190476190476 0.509826589595376 0.509826589595376
-0.857142857142857 0.666666666666667 0.458896982310094 0.458896982310094
-0.857142857142857 0.857142857142857 0.404958677685951 0.404958677685951
-0.857142857142857 1.04761904761905 0.353082465972778 0.353082465972778
-0.857142857142857 1.23809523809524 0.306037473976405 0.306037473976405
-0.857142857142857 1.42857142857143 0.264864864864865 0.264864864864865
-0.857142857142857 1.61904761904762 0.229567933368038 0.229567933368038
-0.857142857142857 1.80952380952381 0.199637845178814 0.199637845178814
-0.666666666666667 -2 0.183673469387755 0.183673469387755
-0.666666666666667 -1.80952380952381 0.211917347429121 0.211917347429121
-0.666666666666667 -1.61904761904762 0.24595649749024 0.24595649749024
-0.666666666666667 -1.42857142857143 0.286922576447625 0.286922576447625
-0.666666666666667 -1.23809523809524 0.335872048743336 0.335872048743336
-0.666666666666667 -1.04761904761905 0.393398751115076 0.393398751115076
-0.666666666666667 -0.857142857142857 0.458896982310094 0.458896982310094
-0.666666666666667 -0.666666666666667 0.529411764705882 0.529411764705882
-0.666666666666667 -0.476190476190476 0.598371777476255 0.598371777476255
-0.666666666666667 -0.285714285714286 0.655274888558692 0.655274888558692
-0.666666666666667 -0.0952380952380953 0.68798751950078 0.68798751950078
-0.666666666666667 0.0952380952380949 0.68798751950078 0.68798751950078
-0.666666666666667 0.285714285714286 0.655274888558692 0.655274888558692
-0.666666666666667 0.476190476190476 0.598371777476255 0.598371777476255
-0.666666666666667 0.666666666666667 0.529411764705882 0.529411764705882
-0.666666666666667 0.857142857142857 0.458896982310094 0.458896982310094
-0.666666666666667 1.04761904761905 0.393398751115076 0.393398751115076
-0.666666666666667 1.23809523809524 0.335872048743336 0.335872048743336
-0.666666666666667 1.42857142857143 0.286922576447625 0.286922576447625
-0.666666666666667 1.61904761904762 0.24595649749024 0.24595649749024
-0.666666666666667 1.80952380952381 0.211917347429121 0.211917347429121
-0.476190476190476 -2 0.191323210412148 0.191323210412148
-0.476190476190476 -1.80952380952381 0.222166246851385 0.222166246851385
-0.476190476190476 -1.61904761904762 0.259870359457867 0.259870359457867
-0.476190476190476 -1.42857142857143 0.306037473976405 0.306037473976405
-0.476190476190476 -1.23809523809524 0.362366474938373 0.362366474938373
-0.476190476190476 -1.04761904761905 0.430243902439024 0.430243902439024
-0.476190476190476 -0.857142857142857 0.509826589595376 0.509826589595376
-0.476190476190476 -0.666666666666667 0.598371777476255 0.598371777476255
-0.476190476190476 -0.476190476190476 0.68798751950078 0.68798751950078
-0.476190476190476 -0.285714285714286 0.764298093587522 0.764298093587522
-0.476190476190476 -0.0952380952380953 0.809174311926605 0.809174311926605
-0.476190476190476 0.0952380952380949 0.809174311926605 0.809174311926605
-0.476190476190476 0.285714285714286 0.764298093587522 0.764298093587522
-0.476190476190476 0.476190476190476 0.68798751950078 0.68798751950078
-0.476190476190476 0.666666666666667 0.598371777476255 0.598371777476255
-0.476190476190476 0.857142857142857 0.509826589595376 0.509826589595376
-0.476190476190476 1.04761904761905 0.430243902439024 0.430243902439024
-0.476190476190476 1.23809523809524 0.362366474938373 0.362366474938373
-0.476190476190476 1.42857142857143 0.306037473976405 0.306037473976405
-0.476190476190476 1.61904761904762 0.259870359457867 0.259870359457867
-0.476190476190476 1.80952380952381 0.222166246851385 0.222166246851385
-0.285714285714286 -2 0.196787148594378 0.196787148594378
-0.285714285714286 -1.80952380952381 0.229567933368037 0.229567933368037
-0.285714285714286 -1.61904761904762 0.270055113288426 0.270055113288426
-0.285714285714286 -1.42857142857143 0.320261437908497 0.320261437908497
-0.285714285714286 -1.23809523809524 0.382480485689506 0.382480485689506
-0.285714285714286 -1.04761904761905 0.458896982310094 0.458896982310094
-0.285714285714286 -0.857142857142857 0.550561797752809 0.550561797752809
-0.285714285714286 -0.666666666666667 0.655274888558692 0.655274888558692
-0.285714285714286 -0.476190476190476 0.764298093587522 0.764298093587522
-0.285714285714286 -0.285714285714286 0.859649122807017 0.859649122807017
-0.285714285714286 -0.0952380952380953 0.916839916839917 0.916839916839917
-0.285714285714286 0.0952380952380949 0.916839916839917 0.916839916839917
-0.285714285714286 0.285714285714286 0.859649122807018 0.859649122807018
-0.285714285714286 0.476190476190476 0.764298093587522 0.764298093587522
-0.285714285714286 0.666666666666667 0.655274888558693 0.655274888558693
-0.285714285714286 0.857142857142857 0.550561797752809 0.550561797752809
-0.285714285714286 1.04761904761905 0.458896982310094 0.458896982310094
-0.285714285714286 1.23809523809524 0.382480485689506 0.382480485689506
-0.285714285714286 1.42857142857143 0.320261437908497 0.320261437908497
-0.285714285714286 1.61904761904762 0.270055113288426 0.270055113288426
-0.285714285714286 1.80952380952381 0.229567933368038 0.229567933368038
-0.0952380952380953 -2 0.199637845178814 0.199637845178814
-0.0952380952380953 -1.80952380952381 0.233456855479089 0.233456855479089
-0.0952380952380953 -1.61904761904762 0.275452841973766 0.275452841973766
-0.0952380952380953 -1.42857142857143 0.327881040892193 0.327881040892193
-0.0952380952380953 -1.23809523809524 0.393398751115076 0.393398751115076
-0.0952380952380953 -1.04761904761905 0.47470398277718 0.47470398277718
-0.0952380952380953 -0.857142857142857 0.573472041612484 0.573472041612484
-0.0952380952380953 -0.666666666666667 0.68798751950078 0.68798751950078
-0.0952380952380953 -0.476190476190476 0.809174311926605 0.809174311926605
-0.0952380952380953 -0.285714285714286 0.916839916839917 0.916839916839917
-0.0952380952380953 -0.0952380952380953 0.982182628062361 0.982182628062361
-0.0952380952380953 0.0952380952380949 0.982182628062361 0.982182628062361
-0.0952380952380953 0.285714285714286 0.916839916839917 0.916839916839917
-0.0952380952380953 0.476190476190476 0.809174311926605 0.809174311926605
-0.0952380952380953 0.666666666666667 0.68798751950078 0.68798751950078
-0.0952380952380953 0.857142857142857 0.573472041612484 0.573472041612484
-0.0952380952380953 1.04761904761905 0.47470398277718 0.47470398277718
-0.0952380952380953 1.23809523809524 0.393398751115076 0.393398751115076
-0.0952380952380953 1.42857142857143 0.327881040892193 0.327881040892193
-0.0952380952380953 1.61904761904762 0.275452841973767 0.275452841973767
-0.0952380952380953 1.80952380952381 0.233456855479089 0.23345685547909
0.0952380952380949 -2 0.199637845178814 0.199637845178814
0.0952380952380949 -1.80952380952381 0.233456855479089 0.233456855479089
0.0952380952380949 -1.61904761904762 0.275452841973766 0.275452841973766
0.0952380952380949 -1.42857142857143 0.327881040892193 0.327881040892193
0.0952380952380949 -1.23809523809524 0.393398751115076 0.393398751115076
0.0952380952380949 -1.04761904761905 0.47470398277718 0.47470398277718
0.0952380952380949 -0.857142857142857 0.573472041612484 0.573472041612484
0.0952380952380949 -0.666666666666667 0.68798751950078 0.68798751950078
0.0952380952380949 -0.476190476190476 0.809174311926605 0.809174311926605
0.0952380952380949 -0.285714285714286 0.916839916839917 0.916839916839917
0.0952380952380949 -0.0952380952380953 0.982182628062361 0.982182628062361
0.0952380952380949 0.0952380952380949 0.982182628062361 0.982182628062361
0.0952380952380949 0.285714285714286 0.916839916839917 0.916839916839917
0.0952380952380949 0.476190476190476 0.809174311926605 0.809174311926605
0.0952380952380949 0.666666666666667 0.68798751950078 0.68798751950078
0.0952380952380949 0.857142857142857 0.573472041612484 0.573472041612484
0.0952380952380949 1.04761904761905 0.47470398277718 0.47470398277718
0.0952380952380949 1.23809523809524 0.393398751115076 0.393398751115076
0.0952380952380949 1.42857142857143 0.327881040892193 0.327881040892193
0.0952380952380949 1.61904761904762 0.275452841973767 0.275452841973767
0.0952380952380949 1.80952380952381 0.233456855479089 0.233456855479089
0.285714285714286 -2 0.196787148594378 0.196787148594378
0.285714285714286 -1.80952380952381 0.229567933368037 0.229567933368037
0.285714285714286 -1.61904761904762 0.270055113288426 0.270055113288426
0.285714285714286 -1.42857142857143 0.320261437908497 0.320261437908497
0.285714285714286 -1.23809523809524 0.382480485689506 0.382480485689506
0.285714285714286 -1.04761904761905 0.458896982310094 0.458896982310094
0.285714285714286 -0.857142857142857 0.550561797752809 0.550561797752809
0.285714285714286 -0.666666666666667 0.655274888558692 0.655274888558692
0.285714285714286 -0.476190476190476 0.764298093587522 0.764298093587522
0.285714285714286 -0.285714285714286 0.859649122807018 0.859649122807018
0.285714285714286 -0.0952380952380953 0.916839916839917 0.916839916839917
0.285714285714286 0.0952380952380949 0.916839916839917 0.916839916839917
0.285714285714286 0.285714285714286 0.859649122807018 0.859649122807018
0.285714285714286 0.476190476190476 0.764298093587522 0.764298093587522
0.285714285714286 0.666666666666667 0.655274888558693 0.655274888558693
0.285714285714286 0.857142857142857 0.550561797752809 0.550561797752809
0.285714285714286 1.04761904761905 0.458896982310094 0.458896982310094
0.285714285714286 1.23809523809524 0.382480485689506 0.382480485689506
0.285714285714286 1.42857142857143 0.320261437908497 0.320261437908497
0.285714285714286 1.61904761904762 0.270055113288426 0.270055113288426
0.285714285714286 1.80952380952381 0.229567933368038 0.229567933368038
0.476190476190476 -2 0.191323210412148 0.191323210412148
0.476190476190476 -1.80952380952381 0.222166246851385 0.222166246851385
0.476190476190476 -1.61904761904762 0.259870359457867 0.259870359457867
0.476190476190476 -1.42857142857143 0.306037473976405 0.306037473976405
0.476190476190476 -1.23809523809524 0.362366474938373 0.362366474938373
0.476190476190476 -1.04761904761905 0.430243902439024 0.430243902439024
0.476190476190476 -0.857142857142857 0.509826589595376 0.509826589595376
0.476190476190476 -0.666666666666667 0.598371777476255 0.598371777476255
0.476190476190476 -0.476190476190476 0.68798751950078 0.68798751950078
0.476190476190476 -0.285714285714286 0.764298093587522 0.764298093587522
0.476190476190476 -0.0952380952380953 0.809174311926605 0.809174311926605
0.476190476190476 0.0952380952380949 0.809174311926605 0.809174311926605
0.476190476190476 0.285714285714286 0.764298093587522 0.764298093587522
0.476190476190476 0.476190476190476 0.68798751950078 0.68798751950078
0.476190476190476 0.666666666666667 0.598371777476255 0.598371777476255
0.476190476190476 0.857142857142857 0.509826589595376 0.509826589595376
0.476190476190476 1.04761904761905 0.430243902439024 0.430243902439025
0.476190476190476 1.23809523809524 0.362366474938373 0.362366474938373
0.476190476190476 1.42857142857143 0.306037473976405 0.306037473976405
0.476190476190476 1.61904761904762 0.259870359457867 0.259870359457867
0.476190476190476 1.80952380952381 0.222166246851385 0.222166246851385
0.666666666666667 -2 0.183673469387755 0.183673469387755
0.666666666666667 -1.80952380952381 0.211917347429121 0.211917347429121
0.666666666666667 -1.61904761904762 0.24595649749024 0.24595649749024
0.666666666666667 -1.42857142857143 0.286922576447625 0.286922576447625
0.666666666666667 -1.23809523809524 0.335872048743336 0.335872048743336
0.666666666666667 -1.04761904761905 0.393398751115076 0.393398751115076
0.666666666666667 -0.857142857142857 0.458896982310094 0.458896982310094
0.666666666666667 -0.666666666666667 0.529411764705882 0.529411764705882
0.666666666666667 -0.476190476190476 0.598371777476255 0.598371777476255
0.666666666666667 -0.285714285714286 0.655274888558693 0.655274888558693
0.666666666666667 -0.0952380952380953 0.68798751950078 0.68798751950078
0.666666666666667 0.0952380952380949 0.68798751950078 0.68798751950078
0.666666666666667 0.285714285714286 0.655274888558693 0.655274888558693
0.666666666666667 0.476190476190476 0.598371777476255 0.598371777476255
0.666666666666667 0.666666666666667 0.529411764705882 0.529411764705882
0.666666666666667 0.857142857142857 0.458896982310094 0.458896982310094
0.666666666666667 1.04761904761905 0.393398751115076 0.393398751115076
0.666666666666667 1.23809523809524 0.335872048743336 0.335872048743336
0.666666666666667 1.42857142857143 0.286922576447625 0.286922576447625
0.666666666666667 1.61904761904762 0.24595649749024 0.24595649749024
0.666666666666667 1.80952380952381 0.211917347429121 0.211917347429121
0.857142857142857 -2 0.174377224199288 0.174377224199288
0.857142857142857 -1.80952380952381 0.199637845178814 0.199637845178814
0.857142857142857 -1.61904761904762 0.229567933368038 0.229567933368038
0.857142857142857 -1.42857142857143 0.264864864864865 0.264864864864865
0.857142857142857 -1.23809523809524 0.306037473976405 0.306037473976405
0.857142857142857 -1.04761904761905 0.353082465972778 0.353082465972778
0.857142857142857 -0.857142857142857 0.404958677685951 0.404958677685951
0.857142857142857 -0.666666666666667 0.458896982310094 0.458896982310094
0.857142857142857 -0.476190476190476 0.509826589595376 0.509826589595376
0.857142857142857 -0.285714285714286 0.550561797752809 0.550561797752809
0.857142857142857 -0.0952380952380953 0.573472041612484 0.573472041612484
0.857142857142857 0.0952380952380949 0.573472041612484 0.573472041612484
0.857142857142857 0.285714285714286 0.550561797752809 0.550561797752809
0.857142857142857 0.476190476190476 0.509826589595376 0.509826589595376
0.857142857142857 0.666666666666667 0.458896982310094 0.458896982310094
0.857142857142857 0.857142857142857 0.404958677685951 0.404958677685951
0.857142857142857 1.04761904761905 0.353082465972778 0.353082465972778
0.857142857142857 1.23809523809524 0.306037473976405 0.306037473976405
0.857142857142857 1.42857142857143 0.264864864864865 0.264864864864865
0.857142857142857 1.61904761904762 0.229567933368038 0.229567933368038
0.857142857142857 1.80952380952381 0.199637845178814 0.199637845178814
1.04761904761905 -2 0.164001487541837 0.164001487541837
1.04761904761905 -1.80952380952381 0.18615449556775 0.18615449556775
1.04761904761905 -1.61904761904762 0.211917347429121 0.211917347429121
1.04761904761905 -1.42857142857143 0.241643835616438 0.241643835616438
1.04761904761905 -1.23809523809524 0.275452841973766 0.275452841973766
1.04761904761905 -1.04761904761905 0.312987934705465 0.312987934705465
1.04761904761905 -0.857142857142857 0.353082465972778 0.353082465972778
1.04761904761905 -0.666666666666667 0.393398751115076 0.393398751115076
1.04761904761905 -0.476190476190476 0.430243902439024 0.430243902439024
1.04761904761905 -0.285714285714286 0.458896982310094 0.458896982310094
1.04761904761905 -0.0952380952380953 0.47470398277718 0.47470398277718
1.04761904761905 0.0952380952380949 0.47470398277718 0.47470398277718
1.04761904761905 0.285714285714286 0.458896982310094 0.458896982310094
1.04761904761905 0.476190476190476 0.430243902439024 0.430243902439025
1.04761904761905 0.666666666666667 0.393398751115076 0.393398751115076
1.04761904761905 0.857142857142857 0.353082465972778 0.353082465972778
1.04761904761905 1.04761904761905 0.312987934705465 0.312987934705465
1.04761904761905 1.23809523809524 0.275452841973766 0.275452841973766
1.04761904761905 1.42857142857143 0.241643835616438 0.241643835616438
1.04761904761905 1.61904761904762 0.211917347429121 0.211917347429121
1.04761904761905 1.80952380952381 0.18615449556775 0.18615449556775
1.23809523809524 -2 0.153071850052065 0.153071850052065
1.23809523809524 -1.80952380952381 0.172198360015619 0.172198360015619
1.23809523809524 -1.61904761904762 0.194016717993841 0.194016717993841
1.23809523809524 -1.42857142857143 0.21864154685176 0.21864154685176
1.23809523809524 -1.23809523809524 0.24595649749024 0.24595649749024
1.23809523809524 -1.04761904761905 0.275452841973766 0.275452841973766
1.23809523809524 -0.857142857142857 0.306037473976405 0.306037473976405
1.23809523809524 -0.666666666666667 0.335872048743336 0.335872048743336
1.23809523809524 -0.476190476190476 0.362366474938373 0.362366474938373
1.23809523809524 -0.285714285714286 0.382480485689506 0.382480485689506
1.23809523809524 -0.0952380952380953 0.393398751115076 0.393398751115076
1.23809523809524 0.0952380952380949 0.393398751115076 0.393398751115076
1.23809523809524 0.285714285714286 0.382480485689506 0.382480485689506
1.23809523809524 0.476190476190476 0.362366474938373 0.362366474938373
1.23809523809524 0.666666666666667 0.335872048743336 0.335872048743336
1.23809523809524 0.857142857142857 0.306037473976405 0.306037473976405
1.23809523809524 1.04761904761905 0.275452841973766 0.275452841973766
1.23809523809524 1.23809523809524 0.24595649749024 0.24595649749024
1.23809523809524 1.42857142857143 0.21864154685176 0.21864154685176
1.23809523809524 1.61904761904762 0.194016717993841 0.194016717993841
1.23809523809524 1.80952380952381 0.172198360015619 0.172198360015619
1.42857142857143 -2 0.142028985507246 0.142028985507246
1.42857142857143 -1.80952380952381 0.15834829443447 0.15834829443447
1.42857142857143 -1.61904761904762 0.176611934321185 0.176611934321185
1.42857142857143 -1.42857142857143 0.196787148594378 0.196787148594378
1.42857142857143 -1.23809523809524 0.21864154685176 0.21864154685176
1.42857142857143 -1.04761904761905 0.241643835616438 0.241643835616438
1.42857142857143 -0.857142857142857 0.264864864864865 0.264864864864865
1.42857142857143 -0.666666666666667 0.286922576447625 0.286922576447625
1.42857142857143 -0.476190476190476 0.306037473976405 0.306037473976405
1.42857142857143 -0.285714285714286 0.320261437908497 0.320261437908497
1.42857142857143 -0.0952380952380953 0.327881040892193 0.327881040892193
1.42857142857143 0.0952380952380949 0.327881040892193 0.327881040892193
1.42857142857143 0.285714285714286 0.320261437908497 0.320261437908497
1.42857142857143 0.476190476190476 0.306037473976405 0.306037473976405
1.42857142857143 0.666666666666667 0.286922576447625 0.286922576447625
1.42857142857143 0.857142857142857 0.264864864864865 0.264864864864865
1.42857142857143 1.04761904761905 0.241643835616438 0.241643835616438
1.42857142857143 1.23809523809524 0.21864154685176 0.21864154685176
1.42857142857143 1.42857142857143 0.196787148594378 0.196787148594378
1.42857142857143 1.61904761904762 0.176611934321185 0.176611934321185
1.42857142857143 1.80952380952381 0.15834829443447 0.15834829443447
1.61904761904762 -2 0.131210949122285 0.131210949122285
1.61904761904762 -1.80952380952381 0.14501808615587 0.14501808615587
1.61904761904762 -1.61904761904762 0.160188884852888 0.160188884852888
1.61904761904762 -1.42857142857143 0.176611934321185 0.176611934321185
1.61904761904762 -1.23809523809524 0.194016717993841 0.194016717993841
1.61904761904762 -1.04761904761905 0.211917347429121 0.211917347429121
1.61904761904762 -0.857142857142857 0.229567933368038 0.229567933368038
1.61904761904762 -0.666666666666667 0.24595649749024 0.24595649749024
1.61904761904762 -0.476190476190476 0.259870359457867 0.259870359457867
1.61904761904762 -0.285714285714286 0.270055113288426 0.270055113288426
1.61904761904762 -0.0952380952380953 0.275452841973767 0.275452841973767
1.61904761904762 0.0952380952380949 0.275452841973767 0.275452841973767
1.61904761904762 0.285714285714286 0.270055113288426 0.270055113288426
1.61904761904762 0.476190476190476 0.259870359457867 0.259870359457867
1.61904761904762 0.666666666666667 0.24595649749024 0.24595649749024
1.61904761904762 0.857142857142857 0.229567933368038 0.229567933368038
1.61904761904762 1.04761904761905 0.211917347429121 0.211917347429121
1.61904761904762 1.23809523809524 0.194016717993841 0.194016717993841
1.61904761904762 1.42857142857143 0.176611934321185 0.176611934321185
1.61904761904762 1.61904761904762 0.160188884852888 0.160188884852888
1.61904761904762 1.80952380952381 0.14501808615587 0.14501808615587
1.80952380952381 -2 0.120855028775007 0.120855028775007
1.80952380952381 -1.80952380952381 0.132472213878041 0.132472213878041
1.80952380952381 -1.61904761904762 0.14501808615587 0.14501808615587
1.80952380952381 -1.42857142857143 0.15834829443447 0.15834829443447
1.80952380952381 -1.23809523809524 0.172198360015619 0.172198360015619
1.80952380952381 -1.04761904761905 0.18615449556775 0.18615449556775
1.80952380952381 -0.857142857142857 0.199637845178814 0.199637845178814
1.80952380952381 -0.666666666666667 0.211917347429121 0.211917347429121
1.80952380952381 -0.476190476190476 0.222166246851385 0.222166246851385
1.80952380952381 -0.285714285714286 0.229567933368038 0.229567933368038
1.80952380952381 -0.0952380952380953 0.233456855479089 0.23345685547909
1.80952380952381 0.0952380952380949 0.233456855479089 0.233456855479089
1.80952380952381 0.285714285714286 0.229567933368038 0.229567933368038
1.80952380952381 0.476190476190476 0.222166246851385 0.222166246851385
1.80952380952381 0.666666666666667 0.211917347429121 0.211917347429121
1.80952380952381 0.857142857142857 0.199637845178814 0.199637845178814
1.80952380952381 1.04761904761905 0.18615449556775 0.18615449556775
1.80952380952381 1.23809523809524 0.172198360015619 0.172198360015619
1.80952380952381 1.42857142857143 0.15834829443447 0.15834829443447
1.80952380952381 1.61904761904762 0.14501808615587 0.14501808615587
1.80952380952381 1.80952380952381 0.132472213878041 0.132472213878041



 Wish me luck :)
