0 141.338164625218 136.620580078886 146.218649987364
0.16 137.548064569279 132.809218242902 142.456000547731
0.32 133.859599188391 129.104183572535 138.790175492723
0.48 130.270043064487 125.502509814085 135.218683237191
0.64 126.776743863842 122.00131346468 131.739096312034
0.8 123.377120377261 118.597791463743 128.349049714291
0.96 120.068660612813 115.289218948856 125.046239299706
1.12 116.848919939713 112.072947074235 121.828420216642
1.28 113.715519281976 108.946400890062 118.693405380306
1.44 110.666143360514 105.90707728098 115.63906398623
1.6 107.698538982366 102.952542962092 112.663320062011
1.76 104.810513375807 100.080432530877 109.764151056313
1.92 101.999932570106 97.2884465734405 106.93958646418
2.08 99.2647198187247 94.5743498236087 104.187706487729
2.24 96.6028540648051 91.9359693733673 101.506640731298
2.4 94.0123684478045 89.3711929332322 98.894566930182
2.56 91.4913488501762 86.8779671411483 96.3497097120727
2.72 89.0379324830224 84.454295918566 93.8703393903785
2.88 86.6503065096737 82.0982388723793 91.4547707885905
3.04 84.326706706179 79.8079097414455 89.1013620949037
3.2 82.065416157715 77.5814748864432 86.8085137463118
3.36 79.8647639899528 75.4171518218591 84.5746673414168
3.52 77.7231241344436 73.3132077889285 82.3983045812164
3.68 75.6389141271123 71.2679583683873 80.2779462371476
3.84 73.6105939389698 69.279766131925 78.2121511456861
4 71.636664838181 67.3470393312578 76.1995152288164
4.16 69.7156682826474 65.4682306237738 74.2386705397105
4.32 67.8461848422862 63.6418358337297 72.3282843329616
4.48 66.0268331502088 61.8663927480055 70.4670581587458
4.64 64.256268882025 60.1404799454567 68.6537269802918
4.8 62.5331837625176 58.4627156589227 66.8870583140621
4.96 60.8563045989539 56.831756668983 65.16585139206
5.12 59.2243923403198 55.2462972285746 63.4889363456915
5.28 57.6362411617813 53.7050680176104 61.8551734106308
5.44 56.0906775736971 52.2068351267598 60.2634521521457
5.6 54.5865595545234 50.7503990695802 58.7126907103585
5.76 53.1227757069708 49.3345938222075 57.201835064928
5.92 51.6982444367897 47.958285889836 55.7298583186539
6.08 50.3119131535768 46.6203733992418 54.2957599995161
6.24 48.9627574930133 45.3197852166223 52.8985653806748
6.4 47.6497805599586 44.0554800900453 51.5373248179684
6.56 46.3720121918418 42.8264458158223 50.2111131044611
6.72 45.1285082418057 41.631698428137 48.9190288415976
6.88 43.9183498810738 40.470281411282 47.6601938265424
7.04 42.7406429200248 39.3412649338709 46.4337524552829
7.2 41.5945171474735 38.2437451044152 45.2388711410935
7.36 40.4791256876691 37.1768432476676 44.0747377479638
7.52 39.393644374536 36.1397052011542 42.9405610386066
7.68 38.3372711426953 35.1315006313311 41.8355701366705
7.84 37.3092254348161 34.1514223688189 40.7590140027913
8 36.3087476248594 33.1986857621821 39.7101609241257
8.16 35.3350984567881 32.2725280497366 38.6882980170219
8.32 34.3875584983289 31.3722077488823 37.6927307424872
8.48 33.4654276093809 30.4970040624712 36.7227824341237
8.64 32.5680244246808 29.6462163017366 35.7777938382131
8.8 31.6946858503395 28.8191633253216 34.8571226656352
8.96 30.8447665738802 28.0151829939563 33.960143155317
9.12 30.0176385874154 27.2336316403488 33.0862456489166
9.28 29.2126907236094 26.4738835538647 32.2348361764506
9.44 28.4293282040856 25.7353304795823 31.4053360525851
9.6 27.6669721999424 25.0173811313238 30.5971814833155
9.76 26.9250594040552 24.3194607182707 29.8098231827671
9.92 26.2030416148468 23.6410104847859 29.0427259998573
10.08 25.5003853312198 22.9814872630737 28.2953685545642
10.24 24.8165713583513 22.3403630383187 27.5672428835556
10.4 24.1510944240575 21.7171245259575 26.8578540949368
10.56 23.5034628054474 21.111272760742 26.1667200318828
10.72 22.8731979655869 20.5223226972677 25.4933709449264
10.88 22.2598341999065 19.949802821646 24.8373491726795
11.04 21.6629182920908 19.3932547740097 24.1982088307695
11.2 21.0820091791957 18.8522329815498 23.5755155087817
11.36 20.5166776257455 18.3263043017895 22.9688459749991
11.52 19.9665059065696 17.8150476758101 22.3777878887406
11.68 19.4310874981442 17.3180537911507 21.8019395201018
11.84 18.9100267782109 16.8349247541124 21.2409094769076
12 18.4029387334499 16.3652737712045 20.6943164386907
12.16 17.909448674993 15.908724839477 20.1617888975163
12.32 17.4291919615645 15.4649124454924 19.6429649054757
12.48 16.9618137300467 15.0334812726958 19.1374918286781
12.64 16.5069686332709 14.6140859169473 18.6450261075723
12.8 16.0643205848386 14.2063906099922 18.1652330234367
12.96 15.6335425107872 13.8100689506437 17.6977864708777
13.12 15.214316107913 13.4248036434666 17.2423687361828
13.28 14.8063316085771 13.05028624475 16.7986702813774
13.44 14.4092875518163 12.686216915567 16.3663895338376
13.6 14.0228905605932 12.3323041817234 15.9452326813183
13.76 13.6468551250188 11.9882647004034 15.5349134722547
13.92 13.2809033913885 11.653823033325 15.135153021203
14.08 12.9247649568751 11.3287114262239 14.7456796192881
14.24 12.5781766697274 11.0126695944892 14.3662285495285
14.4 12.2408824348266 10.7054445147793 13.9965419069136
14.56 11.9126330244568 10.4067902224514 13.6363684231111
14.72 11.5931858941498 10.1164676146419 13.2854632956854
14.88 11.2823050034687 9.83424425884036 12.9435880217098
15.04 10.9797606415962 9.55989420680388 12.6105102356618
15.2 10.6853292576012 9.29319781366293 12.2860035514885
15.36 10.3987932952562 9.03394156207331 11.9698474087371
15.52 10.1199410322842 8.78191789127408 11.6618269226441
15.68 9.84856642391664 8.53692503091419 11.361732738083
15.84 9.58446895064617 8.29876683951505 11.0693608872699
The half time is: 4.08004641904341 +- 0.0340653768676518 days
The modern value is 3.6319(23) days, according to Wikipedia.
The calculated value does not agree with the modern value within the estimated uncertainty.
