-1 0.619214389230051 0.35322690848236 -0.00130989643308697 0.192497730304415 -2.84085542116311 0.233743052615864 0.234196123347542 -2.29358446962411 -10.1800432417355
-0.99 0.590692727716145 0.354635538258239 -0.00145039864183078 0.0885032265666926 -2.86331681833601 0.239792775388651 0.237734109705371 -2.19754284265286 -10.6149999199559
-0.98 0.561951370436223 0.354982871476245 -0.00160546515369299 -0.0197208957084145 -2.88478287083869 0.245556174772446 0.241281074864814 -2.09447913660016 -11.0255456400987
-0.97 0.533000625570681 0.354227874521163 -0.00177652917881978 -0.131917931829135 -2.90518227002066 0.251031104758567 0.244826200338811 -1.98417621765354 -11.4091662161163
-0.96 0.503851525195845 0.352332205997635 -0.00196515220789127 -0.247806201439345 -2.92444155042082 0.256215526016149 0.248358269458159 -1.86641999763682 -11.7633828196529
-0.95 0.474515846685563 0.349260464506225 -0.0021730334376557 -0.367079465984437 -2.94248512451536 0.261107513249954 0.251865695606054 -1.74100030108893 -12.0857647892764
-0.94 0.445006133721077 0.344980431601482 -0.00240201958220227 -0.489407475108865 -2.95923532640075 0.265705262746906 0.255336552908041 -1.60771178531486 -12.3739425971016
-0.93 0.415335716817202 0.339463308635867 -0.0026541150402198 -0.614436643240352 -2.97461246494415 0.270007100154544 0.258762208586479 -1.46635491385288 -12.6256209085792
-0.92 0.385518733267399 0.332683946184128 -0.00293149238017579 -0.74179085696099 -2.98853488693649 0.274011488436827 0.262125555670348 -1.31673698358656 -12.8385916687889
-0.91 0.355570146405064 0.324621064740064 -0.00323650309623198 -0.87107241308804 -3.00091905078514 0.277717036048216 0.265414599495027 -1.15867320549485 -13.0107471464672
-0.9 0.325505764073019 0.315257465381858 -0.00357168857779151 -1.0018630866904 -3.01167961128108 0.281122505284202 0.268616421673274 -0.991987838777394 -13.1400928652328
-0.89 0.295342256187652 0.304580229113466 -0.00393979122486543 -1.13372532755412 -3.02072951597231 0.284226820813728 0.27171795280939 -0.816515377816259 -13.2247603500794
-0.88 0.265097171279206 0.292580903608013 -0.00434376562998217 -1.26620358288553 -3.02798011366746 0.287029078385331 0.275388345740629 -0.6321017911382 -13.2630196161896
-0.87 0.234788951884132 0.27925567610493 -0.00478678973519138 -1.39882574330783 -3.03334127558456 0.289528553689706 0.278150976216345 -0.438605811222735 -13.2532913265196
-0.86 0.204436948660697 0.264605531245692 -0.00527227585989693 -1.53110470846999 -3.03672152964594 0.291724711374627 0.280779703391014 -0.235900273663655 -13.1941585444077
-0.85 0.174061433093879 0.248636392673498 -0.00580388148187766 -1.6625400678505 -3.03802820840396 0.293617214184906 0.283261306434161 -0.0238735038299485 -13.0843780077026
-0.84 0.143683608650886 0.231359247270106 -0.00638551964002492 -1.79261989160603 -3.0371676110617 0.295205932235604 0.285289031615134 0.197569251206203 -12.9228908515843
-0.83 0.113325620244159 0.212790250958113 -0.0070213688131703 -1.9208226255925 -3.03404518002849 0.296490952373006 0.287508944316748 0.428504348108545 -12.7088327083763
-0.82 0.0830105618544184 0.192950815059312 -0.0077158821150461 -2.04661908397622 -3.02856569242168 0.297472587634275 0.28953682226341 0.66898823313604 -12.441543114227
-0.81 0.05276248216237 0.171867672268999 -0.00847379563109191 -2.16947453216158 -3.0206334668933 0.298151386765312 0.291360103298509 0.919055891914581 -12.1205741545693
-0.8 0.0226063880340832 0.149572921382253 -0.00930013570869104 -2.28885085209264 -3.01015258612322 0.298528143789554 0.292966517918598 1.1787192670682 -11.7456982827558
-0.79 -0.00743175429816079 0.12610404999083 -0.0102002249987165 -2.40420878134454 -2.99702713527848 0.298603907592678 0.294344143093299 1.4479656481314 -11.3169152491983
-0.78 -0.0373250205205342 0.101503934458263 -0.0111796870332357 -2.51501021681028 -2.98116145669186 0.298379991517777 0.295481456207704 1.72675603864953 -10.8344580817188
-0.77 -0.0670455321510817 0.0758208165755916 -0.012244449112138 -2.62072057321408 -2.96246042096118 0.297857982925507 0.296367388896336 2.01502350587812 -10.298798061631
-0.76 -0.0965644632467888 0.0491082564005396 -0.013400743260604 -2.72081118614888 -2.94082971461408 0.297039752705132 0.296991380532229 2.31267151900268 -9.71064864429498
-0.75 -0.125852050070625 0.0214250608884753 -0.0146551050100425 -2.81476174884545 -2.91617614442148 0.295927464705528 0.297343431130215 2.61957228232511 -9.07096827752426
-0.74 -0.154877603884945 -0.00716481196634095 -0.016014369747713 -2.90206277143921 -2.8884079583754 0.294523585046136 0.297414153420075 2.93556507039199 -8.38096207623777
-0.73 -0.183609527037842 -0.0365923736463833 -0.0174856663750683 -2.98221805111157 -2.85743518327477 0.292830891297399 0.297194823842972 3.26045457257522 -7.6420823171288
-0.72 -0.212015332507892 -0.0667837503325753 -0.0190764080122569 -3.05474714114846 -2.8231699787849 0.290852481468391 0.296677432223473 3.59400925515374 -6.85602772283841
-0.71 -0.240061667070895 -0.0976603527603027 -0.0207942794865615 -3.11918780668346 -2.78552700775289 0.288591782790263 0.295854729869571 3.93595974948041 -6.02474151114697
-0.7 -0.267714338249961 -0.1291390705145 -0.0226472213461955 -3.17509845467948 -2.74442382247349 0.286052560248663 0.294720275854465 4.28599727535059 -5.15040819100263
-0.69 -0.294938345206248 -0.161132490443305 -0.024643410148169 -3.22206052555373 -2.69978126650502 0.28323892482058 0.293268481236411 4.64377210921519 -4.23544909375882
-0.68 -0.321697913723636 -0.193549138743375 -0.0267912347802192 -3.25968083376792 -2.65152389153698 0.280155341390582 0.291494650976848 5.00889210739238 -3.28251663475788
-0.67 -0.347956535434894 -0.22629374614303 -0.0290992685923865 -3.28759384469176 -2.59958038870639 0.276806636291894 0.289395023322103 5.38092129493259 -2.29448730733769
-0.66 -0.373677011430233 -0.259267535482716 -0.0315762371340042 -3.30546387510386 -2.54388403365084 0.273198004430014 0.286952649775331 5.75937853126863 -1.27445341841577
-0.65 -0.398821500381822 -0.292368530866461 -0.0342309813169006 -3.31298720482129 -2.48437314447328 0.269335015954766 0.28419527825539 6.14373626423835 -0.225713581976589
-0.64 -0.423351571308511 -0.325491887433887 -0.037072415855697 -3.30989408714874 -2.42099155167458 0.265223622423036 0.28110669320009 6.53341938449445 0.848238005985854
-0.63 -0.447228261095383 -0.358530240680518 -0.0401094828713787 -3.29595064610955 -2.35368907898868 0.260870162413539 0.277687204730835 6.92780419270797 1.94372348028232
-0.62 -0.47041213687127 -0.39137407413543 -0.0433511005848982 -3.27096064876523 -2.28242203392863 0.256281366536314 0.273927223706781 7.32621749232825 3.05689436910948
-0.61 -0.492863363334806 -0.423912104090344 -0.0468061070734698 -3.23476714134531 -2.2071537067229 0.251464361802846 0.26985191290034 7.72793582097239 4.1837457612848
-0.6 -0.51454177510582 -0.456031679963891 -0.0504831991133542 -3.18725393839579 -2.12785487618919 0.246426675289968 0.265453195874051 8.13218483378221 5.32013152602316
-0.59 -0.535406954163551 -0.487619198779552 -0.05439086618917 -3.12834695471002 -2.04450432095842 0.241176237057971 0.260735819723107 8.53813885229299 6.46178052631289
-0.58 -0.555418312416835 -0.518560532136482 -0.0585373198108566 -3.0580153704282 -1.95708933432553 0.235721382267002 0.255705670908222 8.94492059251027 7.60431376033442
-0.57 -0.57453517943309 -0.548741463959683 -0.0629304183449922 -2.97627262037957 -1.86560624086597 0.23007085244808 0.250369778358235 9.35160108597368 8.74326235900802
-0.56 -0.592716895334164 -0.57804813723041 -0.0675775876368016 -2.88317719949091 -1.77006091281925 0.224233795861437 0.244736312143378 9.75719980760206 9.87408636170325
-0.55 -0.609922908845928 -0.606367507819946 -0.0724857377722881 -2.77883327689353 -1.67046928410283 0.218219766906259 0.238814577638767 10.1606850240514 10.9921941864349
-0.54 -0.626112880466713 -0.633587803480465 -0.0776611764058346 -2.66339111222454 -1.566857859683 0.212038724525883 0.232559063809759 10.5609743761753 12.0929627055472
-0.53 -0.641246790696403 -0.659598985986194 -0.0831095191565278 -2.53704726853316 -1.45926421789516 0.205701029549346 0.226100887278399 10.9569357089457 13.171757832991
-0.52 -0.655285053242798 -0.684293214366975 -0.0888355976554886 -2.4000446171643 -1.34773750317291 0.199217440931989 0.219388210032459 11.3473881618729 14.2239555248659
-0.51 -0.668188633096293 -0.707565307135008 -0.0948433659056239 -2.252672130995 -1.23233890651761 0.192599110834635 0.212434796626731 11.7311035325448 15.2449630909587
-0.5 -0.679919169336447 -0.729313201374526 -0.10113580569334 -2.09526446343948 -1.11314213091653 0.18585757850451 0.205255444899026 12.1068079253834 16.2302407116078
-0.49 -0.690439102505263 -0.749438406543599 -0.107714831867695 -1.92820131171013 -0.990233838798961 0.179004762896056 0.197865952581707 12.4731836970968 17.1753230513698
-0.48 -0.699711806352792 -0.767846450827633 -0.114581198374924 -1.75190656391859 -0.863714078509469 0.172052954004357 0.190283079411864 12.8288717095648 18.0758408587051
-0.47 -0.707701723729524 -0.784447317885534 -0.121734406003908 -1.56684723071787 -0.733696686673391 0.165014802857513 0.182524504825364 13.1724739000507 18.9275424392435
-0.46 -0.714374506368504 -0.799155871842152 -0.12917261285961 -1.37353216331643 -0.600309663235992 0.157903310128859 0.174608781341621 13.502556177669 19.7263148891631
-0.45 -0.719697158267534 -0.811892268404621 -0.1368925486353 -1.17251056083228 -0.463695515872526 0.150731813332641 0.166555283767254 13.8176516539496 20.4682049748344
-0.44 -0.723638182348241 -0.822582350015567 -0.144889433799144 -0.964370271092839 -0.324011570393894 0.143513972572691 0.158384154367895 14.1162642141416 21.149439545149
-0.43 -0.726167730034914 -0.831158023002909 -0.153156904845031 -0.749735890118048 -0.181430243712953 0.13626375480726 0.150116244178072 14.3968724345664 21.7664453638885
-0.42 -0.727257753361309 -0.83755761474392 -0.16168694677993 -0.529266666643059 -0.0361392758902364 0.128995416604084 0.141773050639175 14.6579338498844 22.3158682510888
-0.41 -0.726882159178696 -0.841726208930336 -0.17046983402936 -0.303654219136711 0.111658082252813 0.121723485366601 0.133376651775065 14.8978895725637 22.7945914246196
-0.4 -0.725016965003185 -0.843615957101223 -0.179494080937447 -0.0736200738455905 0.26174292947932 0.11446273900583 0.12494963713355 15.1151692651437 23.1997529361248
-0.39 -0.721640456005054 -0.843186364700873 -0.188746403017493 0.160086966565327 0.41388062596516 0.10722818405111 0.116515035739901 15.308196464075 23.5287620990495
-0.38 -0.716733342607922 -0.84040455001974 -0.198211690071993 0.396693613202233 0.567820760110532 0.100035032187407 0.108096241325445 15.4753942519764 23.7793148106918
-0.37 -0.710278918130246 -0.835245474486977 -0.207872992246888 0.635405028432057 0.723297173796118 0.0928986752073797 0.0997169351101733 15.6151912731115 23.9494076750569
-0.36 -0.702263215868075 -0.827692142903043 -0.217711520012986 0.875407898236409 0.880028049479579 0.0858346584054743 0.0914010064329764 15.7260280847206 24.0373508387235
-0.35 -0.692675164983589 -0.817735772329448 -0.22770665897752 1.11587362614582 1.03771606244623 0.0788586523913182 0.0831525380999873 15.8063638345935 24.0417794579407
-0.34 -0.681506744532094 -0.805375928489578 -0.237836000320801 1.35596163468477 1.19604860141731 0.0719864233601584 0.0750385296096321 15.8546832529025 23.9616637217235
-0.33 -0.668753134928198 -0.790620628678843 -0.248075387526986 1.59482275954057 1.35469806058904 0.0652338018367118 0.0670596282887728 15.8695039438732 23.7963173627748
-0.32 -0.654412866122333 -0.773486410333565 -0.258398979934683 1.83160272102466 1.51332220601777 0.0586166499138017 0.0592397575498121 15.8493839603418 23.5454045955905
-0.31 -0.638487961730013 -0.753998364565243 -0.268779333473276 2.06544565682788 1.67156461908538 0.0521508270362574 0.0516026312652858 15.7929296416545 23.208945429067
-0.3 -0.620984078330726 -0.732190134129286 -0.279187498775728 2.29549769958614 1.82905521956794 0.0458521543610004 0.0441716679102884 15.6988036927001 22.7873193092806
-0.29 -0.60191063912817 -0.708103875464255 -0.289593136669559 2.52091058237247 1.98541087059903 0.0397363777551618 0.0369699049478382 15.5657334791782 22.2812670567931
-0.28 -0.581280961143039 -0.681790184608087 -0.299964650846855 2.74084525491987 2.14023606755179 0.0338191294877106 0.0299457929330266 15.3925195114577 21.6918910718217
-0.27 -0.559112375089986 -0.65330798697094 -0.310269337303514 2.95447549315856 2.29312371257751 0.0281158886841695 0.0232877745854638 15.1780440866367 21.0206537898274
-0.26 -0.535426337074731 -0.622724391119168 -0.320473549920368 3.1609914845238 2.44365597621908 0.0226419406280911 0.0169213129437191 14.9212800556561 20.2693743794809
-0.25 -0.510248531235251 -0.590114506900605 -0.330542881337243 3.35960337145747 2.59140524717188 0.0174123349825095 0.0108676441969667 14.6212996795779 19.440223684499
-0.24 -0.483608962441383 -0.555561228416898 -0.340442358049005 3.54954473558954 2.73593517089407 0.012441843036413 0.00514715171186956 14.2772835364358 18.5357174204495
-0.23 -0.455542038162727 -0.519154982523025 -0.35013664843411 3.73007600524485 2.87680177736715 0.00774491408265021 -0.000220707871730534 13.8885294374033 17.5587076472488
-0.22 -0.426086638613469 -0.480993443706499 -0.359590282215718 3.9004877691756 3.01355469788337 0.00333563102776679 -0.00521747552270393 13.4544613084421 16.5123725476516
-0.21 -0.395286174286436 -0.441181216368078 -0.368767879658066 4.06010397977046 3.14573847028493 -0.000772334632074489 -0.00982575739896311 12.9746379911011 15.4002045515126
-0.2 -0.363188629996674 -0.399829485691142 -0.377634388622516 4.20828502943603 3.27289393160478 -0.00456576834631051 -0.0140292888588673 12.4487619137484 14.2259968549202
-0.19 -0.329846594567815 -0.357055638447349 -0.386155327455156 4.34443068438266 3.39455969656072 -0.00803195841490378 -0.0178129946492683 11.8766875822804 12.993828392401
-0.18 -0.29531727531264 -0.312982855240772 -0.39429703155889 4.46798286067341 3.51027371983359 -0.0111587421124568 -0.0211630450297974 11.2584298372525 11.7080473292249
-0.17 -0.259662496482653 -0.267739675840677 -0.402026901426678 4.57842822810786 3.61957493952052 -0.01393455187781 -0.0240669076080647 10.5941718224733 10.3732531493388
-0.16 -0.222948680890068 -0.221459539393441 -0.409313649889514 4.67530062830854 3.72200499859632 -0.0163484614113258 -0.0265133946765088 9.88427260839121 8.99427742257426
-0.15 -0.185246813940671 -0.174280301436123 -0.416127546375206 4.75818329425341 3.81711004064036 -0.0183902314902298 -0.0284927058586058 9.12927441211972 7.57616334245662
-0.14 -0.146632389355632 -0.126343729757105 -0.422440656096058 4.82671085944693 3.90444257550075 -0.0200503553387534 -0.02999646588998 8.32990935471598 6.12414413314508
-0.13 -0.107185335907613 -0.0777949812622056 -0.428227072301322 4.88057114594211 3.98356340996538 -0.0213201033648147 -0.0310177573785582 7.48710569535964 4.64362043070277
-0.12 -0.0669899245475118 -0.0287820621072347 -0.433463140061475 4.91950672150804 4.05404363790634 -0.0221915670599628 -0.0315511484072104 6.60199348141386 3.14013674999657
-0.11 -0.0261346553582502 0.0205447265506885 -0.438127670515019 4.94331621737922 4.11546668374741 -0.0226577018743228 -0.0315927148622388 5.67590955298901 1.61935715401322
-0.1 0.0152878761653374 0.0700333547509906 -0.442202145123968 4.95185539921506 4.16743039249531 -0.0227123688550819 -0.0311400573915239 4.71040184061854 0.0870402472192374
-0.09 0.0571811339387507 0.119530639377067 -0.44567091026934 4.94503798513566 4.20954915895697 -0.0223503748452458 -0.0301923129170366 3.70723289498374 -1.45098638124778
-0.08 0.099444817565665 0.168882826698655 -0.448521363486986 4.92283620597603 4.24145608816408 -0.021567511027115 -0.0287501606476784 2.66838258834647 -2.98885213531483
-0.07 0.141975060340049 0.2179361792125 -0.450744133803759 4.88528110420718 4.26280517842152 -0.0203605895912915 -0.0268158225599334 1.59604992844132 -4.52066967867206
-0.0599999999999999 0.184664649154477 0.266537564155748 -0.452333259979188 4.8324625693029 4.27327351781734 -0.0187274783211251 -0.0243930583355149 0.492653927101289 -6.04056135649635
-0.0499999999999999 0.227403266399907 0.314535041051024 -0.453286371965294 4.76452910867691 4.27256348445747 -0.0166671328643133 -0.0214871547669673 -0.639166532185774 -7.54268563705279
-0.04 0.270077753844513 0.361778445640166 -0.453604882518901 4.68168735466967 4.26040494014889 -0.0141796264751974 -0.0181049096639544 -1.79655388121522 -9.02126343758943
-0.03 0.312572398371124 0.408119967575155 -0.453294197555714 4.58420130941854 4.23655740672686 -0.0112661770140221 -0.0142546103146299 -2.97643415912196 -10.4706041992822
-0.02 0.354769239344797 0.453414719259859 -0.452363955401074 4.47239133079287 4.20081221373856 -0.00792917097260215 -0.00994600657795213 -4.17552045690635 -11.8851315771036
-0.01 0.396548397265017 0.49752129327471 -0.450828306397571 4.34663286390764 4.15299460573497 -0.0041721843290361 -0.00519027870398201 -5.39031755806922 -13.2594086123782
0 0.437788423238358 0.54030230586814 -0.448706245148602 4.20735492403948 4.09296579700974 0 0 -6.61712781481432 -14.5881622584398
0.01 0.478366668683776 0.581624924063256 -0.446022007727056 4.05503833804792 4.02062496125112 0.00458137829082261 0.00561090551939853 -7.852058294641 -15.8663071331994
0.02 0.518159674555431 0.621361374005524 -0.442805545124301 3.89021375264693 3.93591114324971 0.00956471595327457 0.0116272103403031 -9.09102922706246 -17.0889683765593
0.03 0.557043579238385 0.65938942826669 -0.43909308168091 3.71345941906885 3.83880507953546 0.0149415414425675 0.0180324353385335 -10.3297837746461 -18.2515034954307
0.04 0.594894544139654 0.69559286992137 -0.434927762833587 3.52539876480809 3.72933091460363 0.0207021443538906 0.0248089061542846 -11.5638991466018 -19.3495230846138
0.05 0.63158919586343 0.729861931325102 -0.4303603898578 3.32669776421953 3.60755779924061 0.026835577845759 0.0319378138393304 -12.7887990667461 -20.3789103179349
0.0600000000000001 0.667005083723462 0.762093705645574 -0.425450230075835 3.11806212076912 3.47360135737388 0.0333296655699087 0.0393992795470361 -13.9997676008711 -21.3358391107764
0.0700000000000001 0.701021151209996 0.792192529331527 -0.420265879061188 2.90023427468689 3.32762500785753 0.0401710132432527 0.0471724230196644 -15.1919643413586 -22.2167908624384
0.0800000000000001 0.733518219892661 0.820070333845808 -0.414886136736119 2.67399025064955 3.16984112766235 0.0473450250015048 0.0552354346127202 -16.3604409393378 -23.0185696945911
0.0900000000000001 0.764379484106511 0.845646965139352 -0.409400842253125 2.44013636091605 3.00051204307649 0.0548359246408836 0.0635656505824157 -17.5001589668043 -23.7383161103628
0.1 0.793491014635189 0.868850469500733 -0.403911593865626 2.19950578005083 2.81995083573928 0.0626267818620363 0.0721396313498154 -18.6060090829429 -24.3735190073202
0.11 0.820742269474568 0.889617344580479 -0.398532260753607 1.95295500799214 2.62852195062935 0.0706995435803037 0.0809332424438874 -19.6728314704566 -24.9220259866672
0.12 0.846026609634027 0.907892754559626 -0.393389175566906 1.70136023875229 2.42664159351469 0.0790350703778131 0.0899217378155939 -20.695437499036 -25.3820519103736
0.13 0.869241817809062 0.923630708607124 -0.388620881320256 1.44561365247223 2.21477790584374 0.0876131781178628 0.0990798452063398 -21.6686325642568 -25.7521856675798
0.14 0.890290617642071 0.936794201949688 -0.384377296618078 1.18661964888987 1.99345090561969 0.0964126847657099 0.108381853246599 -22.5872400412068 -26.0313951214527
0.15 0.9090811911766 0.947355319059575 -0.380818161588806 0.925291040520322 1.76323218345189 0.105411462386201 0.117801699954378 -23.4461262830742 -26.2190302176361
0.16 0.925527692005524 0.955295298649511 -0.378110635875088 0.66254522398471 1.52474434372109 0.11458649429369 0.127313062298408 -24.240226585818 -26.3148242454687
0.17 0.939550751517725 0.960604560348636 -0.376425941630954 0.399300347961885 1.27866018163072 0.123913937312864 0.136889446487526 -24.9645720309577 -26.3188932532036
0.18 0.951077975559766 0.963282693117847 -0.375934979940646 0.136471496175421 1.02570158783969 0.13336918904406 0.146504278645732 -25.614317109506 -26.2317336284563
0.19 0.960044428750772 0.963338405646329 -0.376802898327067 -0.125033096334053 0.766638173387539 0.142926960040768 0.156130995531796 -26.1847680211971 -26.0542178650123
0.2 0.966393103622069 0.960789439152323 -0.379182648319157 -0.384315775660928 0.502285608724829 0.152561350759697 0.165785947873487 -26.6714115344878 -25.7875885468484
0.21 0.970075371696053 0.955662443189408 -0.383207641748296 -0.640493132577247 0.233503671848053 0.16224593311108 0.175369569921857 -27.0699442843958 -25.4334505897278
0.22 0.97105141357593 0.947992815233705 -0.388983687005497 -0.892699579982014 -0.0388059981902078 0.171953836415923 0.18488901493508 -27.3763023771504 -24.9937617899551
0.23 0.969290625086927 0.937824504996653 -0.396580454850573 -1.14009082761387 -0.313702444776819 0.181657837548755 0.194319047690287 -27.5866911629434 -24.4708217387622
0.24 0.964771996492892 0.925209784571364 -0.406022779709787 -1.38184723801142 -0.590208235196313 0.191330455011212 0.203634913258966 -27.6976150308197 -23.8672591693011
0.25 0.957484461810248 0.910208985677219 -0.417282139352923 -1.61717704841597 -0.867312599515246 0.20094404665042 0.21281241914393 -27.7059070730446 -23.1860178112882
0.26 0.947427215253697 0.892890205416555 -0.430268667956532 -1.84531944410022 -1.14397486479859 0.210470910703407 0.221828014660514 -27.608758460148 -22.4303408359274
0.27 0.93460999187824 0.873328982098215 -0.4448240429131 -2.06554746946853 -1.41912818094719 0.219883389834649 0.230658867253299 -27.4037473623821 -21.6037539808056
0.28 0.919053309526246 0.851607942814655 -0.460715547306352 -2.27717076420417 -1.69168353277968 0.229153977789792 0.239282935455361 -27.0888672485635 -20.7100474509537
0.29 0.900788669251201 0.827816424581659 -0.477631556349822 -2.47953811273123 -1.96053403127027 0.238255428260345 0.247679038214007 -26.6625543892958 -19.7532566981658
0.3 0.87985871146962 0.802050070961829 -0.49517864122736 -2.67203979630628 -2.22455947510769 0.247160865532805 0.255826920325152 -26.1237143884179 -18.7376421859481
0.31 0.856317325188961 0.774410406194432 -0.512880445297039 -2.8541097381525 -2.4826311719671 0.255843896470651 0.263707313737728 -25.4717475642679 -17.6676682520817
0.32 0.830229707775329 0.745004388944367 -0.530178483647282 -3.02522743318916 -2.73361700709517 0.264278723341249 0.271301994509776 -24.7065730010394 -16.5479811847274
0.33 0.801672372857141 0.713943947861661 -0.546435061710978 -3.18491965508519 -2.97638674500892 0.272440256981554 0.278593835218951 -23.8286510901799 -15.3833866312409
0.34 0.770733104112152 0.681345501209593 -0.560938607173924 -3.33276193457069 -3.20981754831072 0.280304229776903 0.285566852652099 -22.8390043824926 -14.1788264614022
0.35 0.737510852854083 0.647329462874087 -0.572911853024379 -3.46837980416685 -3.43279969583716 0.287847307898573 0.292227592698474 -21.7392365733792 -12.9393552085751
0.36 0.702115577521784 0.612019737109237 -0.581523472505037 -3.59144980573615 -3.6442424805967 0.295047202221213 0.298542849603033 -20.5315494465484 -11.6701162134068
0.37 0.664668023378097 0.575543204403529 -0.585903905898528 -3.70170025850291 -3.84308026622354 0.301882777351238 0.304481222458493 -19.2187576055301 -10.3763175950423
0.38 0.625299440946355 0.538029200868616 -0.585166177972206 -3.79891178644329 -4.02827867899384 0.308334158131856 0.310049506655705 -17.8043008275008 -9.06320817448054
0.39 0.584151241950966 0.499608993557282 -0.578432421759456 -3.88291760518495 -4.19884091082548 0.314382833030322 0.315237982482002 -16.2922538802616 -7.73605347363834
0.4 0.541374591781068 0.460415254109657 -0.564866544335193 -3.95360356978438 -4.35381410712812 0.320011753768085 0.320038250606646 -14.6873336507113 -6.40011191193591
0.41 0.497129937765981 0.420581533107047 -0.543712959942104 -4.01090798595632 -4.49229581189572 0.325205430547157 0.324443243509582 -12.9949034418353 -5.06061131978308
0.42 0.451586472833762 0.380241737481049 -0.51434057736685 -4.05482118850856 -4.61344044105241 0.329950022247885 0.328447231664383 -11.2209743050717 -3.72272588526056
0.43 0.404921534420687 0.339529613282352 -0.476290309959486 -4.08538489188028 -4.7164657537852 0.334233420927376 0.332045824517191 -9.37220328589945 -2.39155364657306
0.44 0.35731993880778 0.298578236059074 -0.429323375684602 -4.10269131878679 -4.80065929043443 0.338045329994657 0.33523596632628 -7.45588847259611 -1.07209463853439
0.45 0.308973251380866 0.257519511029119 -0.373466712046037 -4.10688211403231 -4.86538474447869 0.341377335401376 0.338015926949089 -5.47996075131977 0.230770203538365
0.46 0.260078993638583 0.216483685155359 -0.3090511145687 -4.09814705155916 -4.91008823525164 0.344222969220482 0.340385287685032 -3.45297218489762 1.51229928455867
0.47 0.210839788111716 0.175598873146937 -0.236737387095537 -4.07672254375273 -4.93430444727794 0.346577764982158 0.342344922303166 -1.38408094795839 2.76790964297521
0.48 0.161462442700376 0.134990599315313 -0.157526007124787 -4.04288996291035 -4.93766260152192 0.348439304158546 0.343896973403526 0.716967232784404 3.99319521094543
0.49 0.112156976285405 0.094781357110414 -0.072746638602058 -3.99697378560595 -4.9198922234153 0.349807253190193 0.34504482427983 2.83986116723311 5.18394396243763
0.5 0.0631355878228703 0.0550901880510869 0.0159747387560014 -3.93933957143628 -4.88082867227753 0.350683390488484 0.345793066468937 4.97374983586965 6.33615387744212
0.51 0.0146115714854389 0.016032281645758 0.106771375022939 -3.87039178831605 -4.82041839667184 0.351071622857944 0.346147463189101 7.10727156669575 7.44604765790502
0.52 -0.033201819232449 -0.0222814022255954 0.197612017714903 -3.79057149709445 -4.7387238803584 0.350977990805859 0.346114908884411 9.22858673366271 8.51008613869474
0.53 -0.0800925551755967 -0.0597444871274635 0.286393669261717 -3.70035390879358 -4.63592824381888 0.350410662260856 0.345703385106935 11.3254139353747 9.52498034482032
0.54 -0.125851059338224 -0.0962555088774335 0.371044590391372 -3.60024582821629 -4.51233946684016 0.349379914220663 0.344918785785575 13.3850695926897 10.4877021541925
0.55 -0.170271474864027 -0.131718218281425 0.449629851429639 -3.49078299803783 -4.36839419835997 0.347898101927512 0.343786270791902 15.394510883371 11.3954935334022
0.56 -0.213152968943632 -0.166041856872151 0.520451065000573 -3.37252735777908 -4.20466112069904 0.345979615168289 0.342306333883383 17.3403819112628 12.2458743222337
0.57 -0.254301067993428 -0.199141404872495 0.582132176815706 -3.24606423226133 -4.02184383643406 0.343640821388817 0.340490925921616 19.2090629866958 13.0366485508855
0.58 -0.293529019189091 -0.230937800752136 0.633684346134269 -3.11199946426116 -3.82078324750209 0.340899995312157 0.338352818070378 20.986722874119 13.7659092820857
0.59 -0.330659173130371 -0.261358131893227 0.674544884628469 -2.97095650612181 -3.60245939766936 0.3377772348299 0.33590554010547 22.6593738423938 14.4320419784127
0.6 -0.365524382133493 -0.290335796028292 0.704587701716462 -2.82357348503397 -3.36799275124588 0.334294362989112 0.333163316892455 24.2129293329404 15.0337264031262
0.61 -0.397969408386185 -0.317810633260167 0.724105412628873 -2.67050025657683 -3.11864488287319 0.330474815943035 0.330141003331709 25.6332640411129 15.5699370706164
0.62 -0.427852335959273 -0.3437290286187 0.733765865129814 -2.51239546091085 -2.85581855535826 0.326343516787801 0.326854018072179 26.9062761869224 16.0399422701679
0.63 -0.455045980449267 -0.368043985251611 0.734548022053744 -2.34992359574014 -2.58105716485476 0.321926735293346 0.323330145593378 28.01795173269 16.4433016940441
0.64 -0.479439289832936 -0.390715168486362 0.727663662290807 -2.1837521198168 -2.29604353521077 0.317251933575335 0.31940474048401 28.9544302874908 16.7798627079108
0.65 -0.500938729945233 -0.411708921135633 0.714472098364665 -2.01454860034579 -2.00259804598491 0.312347597826374 0.315392782815227 29.7020724215087 17.0497553082804
0.66 -0.519469647851942 -0.43099825055023 0.696395035191985 -1.84297791717051 -1.70267608148156 0.307243056297466 0.31117952789273 30.2475280977801 17.2533858179451
0.67 -0.534977606276154 -0.448562788049417 0.674837900557709 -1.66969953607944 -1.39836479115585 0.301968283792121 0.306782129747226 30.5778059143651 17.3914293762487
0.68 -0.54742968215735 -0.464388721479113 0.651122635821765 -1.49536486297857 -1.09187915487224 0.296553692977795 0.302217912480158 30.6803428369231 17.4648212864855
0.69 -0.556815722372125 -0.47846870176266 0.626435267643003 -1.32061469002583 -0.785557349763412 0.291029912932572 0.297504305084651 30.5430740900312 17.4747472876999
0.7 -0.563149549630726 -0.490801724416384 0.601789822249391 -1.14607674412818 -0.481855418802283 0.285427555366368 0.292641917711959 30.1545028655422 17.4226328226574
0.71 -0.566470111581285 -0.50139298710252 0.57800850459998 -0.972363347463986 -0.183341244660529 0.279776969070554 0.287680588732976 29.5037694979023 17.3101313777593
0.72 -0.566842566207153 -0.510253724384846 0.555716708715908 -0.800069198917615 0.10731216403676 0.274107983184877 0.282622130986233 28.580719749723 17.139111974158
0.73 -0.564359296691922 -0.517401020937231 0.535350452530015 -0.629769284505356 0.387334063358491 0.268449639957453 0.277483774558268 27.3759718461506 16.9116458922907
0.74 -0.559140849051477 -0.522857604531941 0.517173275333625 -0.462016924037117 0.653864027285959 0.262829917736326 0.272282550066245 25.8809818937324 16.629992714479
0.75 -0.551336785994639 -0.526651620202716 0.501299475037212 -0.297341960401845 0.903960645520264 0.25727544500478 0.267035233296852 24.0881073186356 16.296585772135
0.76 -0.541126450671321 -0.528816387037168 0.487720729783427 -0.136249096992042 1.13461084425152 0.251811206308957 0.261758292190637 21.990667960262 15.91401708547
0.77 -0.528719634201714 -0.529390139103789 0.476333552785477 0.0207836121007969 1.34273980463619 0.246460241042314 0.256467836338218 19.5830044595929 15.4850218844304
0.78 -0.51435714115113 -0.528415752060734 0.466965572212888 0.173306115377156 1.52522145014855 0.241243336045045 0.251179569139512 16.8605335869834 15.0124627998781
0.79 -0.498311247420062 -0.525940457026518 0.459399218555129 0.320897557853745 1.67888947045487 0.236178713091704 0.245908742761519 13.8198001616453 14.4993138138192
0.8 -0.480886045360801 -0.522015543316878 0.453391966690981 0.463167313652696 1.80054884602676 0.231281712353393 0.240670116014246 10.4585252247139 13.9486440567583
0.81 -0.46241767130557 -0.516696051667325 0.448692767882636 0.599755856162505 1.88698783438894 0.226564472998234 0.23547791524827 6.77565013956189 13.363601539047
0.82 -0.443274411099139 -0.510040459567559 0.445054690051928 0.730335465538187 1.93499037569721 0.222035612119271 0.230345798361197 2.77137630688992 12.7473969014117
0.83 -0.423856679666731 -0.502110360331988 0.442244054987857 0.854610774149699 1.94134887229889 0.217699903235371 0.225258043856742 -1.55279980196228 12.1032872677175
0.84 -0.404596871116137 -0.492970137520413 0.440046525760797 0.97231915140573 1.90287729404841 0.213557955640226 0.220281644797384 -6.19405657211097 11.4345602804655
0.85 -0.385959076369055 -0.482686636304679 0.438270673400632 1.08323093017059 1.8164245584628 0.209605895910954 0.215402416088938 -11.1482223914094 10.7445183965669
0.86 -0.368438665838053 -0.471328833351089 0.436749560138206 1.18714947775088 1.67888813232149 0.205835052914153 0.210631446443954 -16.4097562529812 10.0364635176023
0.87 -0.352561735211506 -0.458967506754986 0.435340838881925 1.28391111515273 1.48722779905868 0.202231647666395 0.205979125498178 -21.9717340276094 9.31368202510452
0.88 -0.338884412974991 -0.445674907523396 0.433925804339506 1.37338488899598 1.23847953428703 0.198776489428383 0.201455127445267 -27.8258405944594 8.57943028741032
0.89 -0.327992028883745 -0.431524434054552 0.432407755594224 1.45547220111608 0.929769430036025 0.19544467941887 0.197068397943199 -33.9623679919667 7.83692070035812
0.9 -0.320498143202261 -0.416590311009725 0.43070995392502 1.53010630148474 0.558327606811801 0.192205323538019 0.192827144255359 -40.3702197226742 7.08930831958903
0.91 -0.317043437142672 -0.400947273913706 0.428773390079197 1.59725165063462 0.121502051390397 0.189021255499028 0.188738828575611 -47.0369213164838 6.33967813747182
0.92 -0.318294465558456 -0.384670260755845 0.42655451560638 1.65690315827889 -0.383227682634487 0.185848771736801 0.184810164473602 -53.9486372263847 5.59103305275649
0.93 -0.32494227358363 -0.367834111794304 0.424023044364171 1.7090853052724 -0.958236975115074 0.182637379476546 0.197749261689582 -61.0901940993675 4.84628257599644
0.94 -0.337700879544624 -0.350513278692699 0.421159892470981 1.75385115646594 -1.60574290425554 0.179329559309735 0.177454902053261 -68.4451104331065 4.1082323086024
0.95 -0.35730562711025 -0.332781544040922 0.417955296521955 1.7912812723572 -2.32779133993549 0.175860543587987 0.174037997841037 -75.995632596286 3.37957422813526
0.96 -0.384511410281309 -0.314711752231403 0.414407129180809 1.82148252774186 -3.12624442883842 0.172158111944555 0.170800146774419 -83.7227771573313 2.662877807145
0.97 -0.420090775452113 -0.296375552578745 0.4105194166964 1.84458684581468 -4.00276853405445 0.168142405181243 0.167744369229883 -91.606379432968 1.96058198755053
0.98 -0.46483190539757 -0.277843155485144 0.406301053031287 1.86074985636387 -4.9588226907738 0.163725758721739 0.164872976120591 -99.6251481346989 1.27498802726426
0.99 -0.51953649064933 -0.259183102366853 0.401764698944803 1.87014948684285 -5.99564763830195 0.158812556809607 0.16218758445348 -107.756725958106 0.608253230526357
